222222222222222222222222222222222222222222222
22222222222     2     2     2    222222222222
22222222222 22222 222 2 222 2 222 22222222222
22222222222 22  2 222 2 222 2 222 22222222222
22222222222 222 2 222 2 222 2 222 22222222222
22222222222     2     2     2    222222222222
222222222222222222222222222222222222222222222
2222222222222     2     2    222 222222222222
222222222222222 222 222 2 222 22 222222222222
222222222222222 222 222 2    222 222222222222
222222222222222 222 222 2 222 222222222222222
2222222222222   222     2    222 222222222222
222222222222222222222222222222222222222222222
222222222222222222222222222222222222222222222
