               1                            2
               1                            2
                                            2
                      3                     2
1111111d       1111111111111d      1111111112
      12222                122222  1        2
      11111   h            111111  1        2
          11111222  1  22221       1        2
              1111  1  11111       1        2
                    1      1      g1        2
 5                  1         222221        2
 4     3       g   31    3    111111        2
11111111111    11  11hh 1111111             2
222222222222222222221111122222222222222222222
