          1
          1
          1        11
          1
          1
          13           1  1
1111  111111111              111
      1           11  1        112222
      1                         111121
      1         h                  111
             1111          111
          3 1    111111          111111
      111111        1     111    1         5
                    13           1  3      4
                 11111111111111  1  111111111
222222222222222222222222222222222222222222222
